
on x=-48..-32,y=26..41,z=-47..-37
on x=-20..26,y=-36..17,z=-47..7
on x=-46..7,y=-6..46,z=-50..-1

(-48, -31, 26, 42, -47, -36)

(-20, 27, -36, 18, -47, 8)

(-46, 8, -6, 47, -50, 0)

 // (-20, 8, -6, 18, -47, 0)


[(-48, -46, 26, 42, -47, -36), (-46, -31, 26, 42, -47, -36)]

[(-20, 8, -36, -6, -47, 0),  (8, 27, -36, -6, -47, 0)
 (-20, 8, -36, -6,   0, 8),  (8, 27, -36, -6,   0, 8)

 (-20, 8, -6, 18, -47, 0),  (8, 27, -6, 18, -47, 0)
 (-20, 8, -6, 18, 0, 8),    (8, 27, -6, 18, 0, 8)]

 [(-46, -31, -6, 18, -50, -47),    (-31, -20, -6, 18, -50, -47)     (-20, 8, -6, 18, -50, -47)
  (-46, -31, -6, 18, -47, -36),    (-31, -20, -6, 18, -47, -36)     (-20, 8, -6, 18, -47, -36)
  (-46, -31, -6, 18, -36, 0),      (-31, -20, -6, 18, -36, 0),      (-20, 8, -6, 18, -36, 0)

    (-46, -31, 18, 26, -50, -47),    (-31, -20, 18, 26, -50, -47)     (-20, 8, 18, 26, -50, -47)
    (-46, -31, 18, 26, -47, -36),    (-31, -20, 18, 26, -47, -36),    (-20, 8, 18, 26, -47, -36)
    (-46, -31, 18, 26, -36, 0),      (-31, -20, 18, 26, -36, 0),      (-20, 8, 18, 26, -36, 0)

        (-46, -31, 26, 42, -50, -47),    (-31, -20, 26, 42, -50, -47)     (-20, 8, 26, 42, -50, -47)
        (-46, -31, 26, 42, -47, -36),    (-31, -20, 26, 42, -47, -36)     (-20, 8, 26, 42, -47, -36)
        (-46, -31, 26, 42, -36, 0),      (-31, -20, 26, 42, -36, 0)       (-20, 8, 26, 42, -36, 0)
            
            (-46, -31, 42, 47, -50, -47),    (-31, -20, 42, 47, -50, -47)     (-20, 8, 42, 47, -50, -47)
            (-46, -31, 42, 47, -47, -36),    (-31, -20, 42, 47, -47, -36)     (-20, 8, 42, 47, -47, -36)
            (-46, -31, 42, 47, -36, 0)       (-31, -20, 42, 47, -36, 0)       (-20, 8, 42, 47, -36, 0)]


